300.5	4.200E-01
301.5	4.555E-01
302.5	4.890E-01
303.5	6.206E-01
304.5	6.025E-01
305.5	5.948E-01
306.5	5.557E-01
307.5	6.150E-01
308.5	6.114E-01
309.5	4.965E-01
310.5	6.224E-01
311.5	7.292E-01
312.5	6.559E-01
313.5	6.999E-01
314.5	6.629E-01
315.5	6.330E-01
316.5	6.332E-01
317.5	7.739E-01
318.5	6.649E-01
319.5	7.105E-01
320.5	8.051E-01
321.5	6.995E-01
322.5	6.886E-01
323.5	6.613E-01
324.5	7.608E-01
325.5	8.758E-01
326.5	9.795E-01
327.5	9.527E-01
328.5	9.176E-01
329.5	1.061E+00
330.5	1.016E+00
331.5	9.657E-01
332.5	9.549E-01
333.5	9.216E-01
334.5	9.589E-01
335.5	9.434E-01
336.5	8.095E-01
337.5	8.418E-01
338.5	9.215E-01
339.5	9.581E-01
340.5	1.007E+00
341.5	9.238E-01
342.5	9.930E-01
343.5	9.506E-01
344.5	7.957E-01
345.5	9.392E-01
346.5	9.264E-01
347.5	9.017E-01
348.5	8.972E-01
349.5	8.898E-01
350.5	1.050E+00
351.5	9.795E-01
352.5	9.079E-01
353.5	1.033E+00
354.5	1.111E+00
355.5	1.045E+00
356.5	9.123E-01
357.5	7.960E-01
358.5	6.936E-01
359.5	9.911E-01
360.5	9.708E-01
361.5	8.781E-01
362.5	9.978E-01
363.5	9.969E-01
364.5	1.013E+00
365.5	1.152E+00
366.5	1.233E+00
367.5	1.180E+00
368.5	1.101E+00
369.5	1.226E+00
370.5	1.139E+00
371.5	1.175E+00
372.5	1.054E+00
373.5	9.202E-01
374.5	9.004E-01
375.5	1.062E+00
376.5	1.085E+00
377.5	1.282E+00
378.5	1.327E+00
379.5	1.066E+00
380.5	1.202E+00
381.5	1.082E+00
382.5	7.913E-01
383.5	6.841E-01
384.5	9.597E-01
385.5	1.008E+00
386.5	1.007E+00
387.5	1.004E+00
388.5	9.843E-01
389.5	1.174E+00
390.5	1.247E+00
391.5	1.342E+00
392.5	1.019E+00
393.5	5.823E-01
394.5	1.026E+00
395.5	1.314E+00
396.5	8.545E-01
397.5	9.288E-01
398.5	1.522E+00
399.5	1.663E+00
400.5	1.682E+00
401.5	1.746E+00
402.5	1.759E+00
403.5	1.684E+00
404.5	1.674E+00
405.5	1.667E+00
406.5	1.589E+00
407.5	1.628E+00
408.5	1.735E+00
409.5	1.715E+00
410.5	1.532E+00
411.5	1.817E+00
412.5	1.789E+00
413.5	1.756E+00
414.5	1.737E+00
415.5	1.734E+00
416.5	1.842E+00
417.5	1.665E+00
418.5	1.684E+00
419.5	1.701E+00
420.5	1.757E+00
421.5	1.797E+00
422.5	1.582E+00
423.5	1.711E+00
424.5	1.767E+00
425.5	1.695E+00
426.5	1.698E+00
427.5	1.569E+00
428.5	1.587E+00
429.5	1.475E+00
430.5	1.135E+00
431.5	1.686E+00
432.5	1.646E+00
433.5	1.731E+00
434.5	1.670E+00
435.5	1.723E+00
436.5	1.929E+00
437.5	1.806E+00
438.5	1.567E+00
439.5	1.825E+00
440.5	1.713E+00
441.5	1.931E+00
442.5	1.980E+00
443.5	1.909E+00
444.5	1.973E+00
445.5	1.821E+00
446.5	1.891E+00
447.5	2.077E+00
448.5	1.973E+00
449.5	2.027E+00
450.5	2.144E+00
451.5	2.109E+00
452.5	1.941E+00
453.5	1.970E+00
454.5	1.979E+00
455.5	2.034E+00
456.5	2.077E+00
457.5	2.100E+00
458.5	1.971E+00
459.5	2.009E+00
460.5	2.040E+00
461.5	2.055E+00
462.5	2.104E+00
463.5	2.040E+00
464.5	1.976E+00
465.5	2.042E+00
466.5	1.921E+00
467.5	2.015E+00
468.5	1.994E+00
469.5	1.990E+00
470.5	1.877E+00
471.5	2.018E+00
472.5	2.041E+00
473.5	1.991E+00
474.5	2.051E+00
475.5	2.016E+00
476.5	1.956E+00
477.5	2.075E+00
478.5	2.009E+00
479.5	2.076E+00
480.5	2.035E+00
481.5	2.090E+00
482.5	2.023E+00
483.5	2.019E+00
484.5	1.969E+00
485.5	1.830E+00
486.5	1.625E+00
487.5	1.830E+00
488.5	1.914E+00
489.5	1.960E+00
490.5	2.007E+00
491.5	1.896E+00
492.5	1.896E+00
493.5	1.888E+00
494.5	2.058E+00
495.5	1.926E+00
496.5	2.017E+00
497.5	2.018E+00
498.5	1.866E+00
499.5	1.970E+00
500.5	1.857E+00
501.5	1.812E+00
502.5	1.894E+00
503.5	1.934E+00
504.5	1.869E+00
505.5	1.993E+00
506.5	1.961E+00
507.5	1.906E+00
508.5	1.919E+00
509.5	1.916E+00
510.5	1.947E+00
511.5	1.997E+00
512.5	1.867E+00
513.5	1.861E+00
514.5	1.874E+00
515.5	1.900E+00
516.5	1.669E+00
517.5	1.726E+00
518.5	1.654E+00
519.5	1.828E+00
520.5	1.831E+00
521.5	1.906E+00
522.5	1.823E+00
523.5	1.894E+00
524.5	1.958E+00
525.5	1.930E+00
526.5	1.674E+00
527.5	1.828E+00
528.5	1.897E+00
529.5	1.918E+00
530.5	1.952E+00
531.5	1.963E+00
532.5	1.770E+00
533.5	1.923E+00
534.5	1.858E+00
535.5	1.990E+00
536.5	1.871E+00
537.5	1.882E+00
538.5	1.904E+00
539.5	1.832E+00
540.5	1.769E+00
541.5	1.881E+00
542.5	1.825E+00
543.5	1.879E+00
544.5	1.879E+00
545.5	1.901E+00
546.5	1.879E+00
547.5	1.833E+00
548.5	1.863E+00
549.5	1.895E+00
550.5	1.862E+00
551.5	1.871E+00
552.5	1.846E+00
553.5	1.882E+00
554.5	1.898E+00
555.5	1.897E+00
556.5	1.821E+00
557.5	1.846E+00
558.5	1.787E+00
559.5	1.808E+00
560.5	1.843E+00
561.5	1.824E+00
562.5	1.850E+00
563.5	1.861E+00
564.5	1.854E+00
565.5	1.798E+00
566.5	1.829E+00
567.5	1.887E+00
568.5	1.810E+00
569.5	1.860E+00
570.5	1.769E+00
571.5	1.823E+00
572.5	1.892E+00
573.5	1.876E+00
574.5	1.867E+00
575.5	1.830E+00
576.5	1.846E+00
577.5	1.857E+00
578.5	1.783E+00
579.5	1.828E+00
580.5	1.838E+00
581.5	1.853E+00
582.5	1.873E+00
583.5	1.857E+00
584.5	1.860E+00
585.5	1.783E+00
586.5	1.830E+00
587.5	1.848E+00
588.5	1.750E+00
589.5	1.612E+00
590.5	1.813E+00
591.5	1.787E+00
592.5	1.808E+00
593.5	1.796E+00
594.5	1.773E+00
595.5	1.782E+00
596.5	1.805E+00
597.5	1.780E+00
598.5	1.757E+00
599.5	1.774E+00
600.5	1.746E+00
601.5	1.751E+00
602.5	1.719E+00
603.5	1.787E+00
604.5	1.776E+00
605.5	1.763E+00
606.5	1.759E+00
607.5	1.757E+00
608.5	1.743E+00
609.5	1.744E+00
610.5	1.703E+00
611.5	1.746E+00
612.5	1.705E+00
613.5	1.683E+00
614.5	1.713E+00
615.5	1.713E+00
616.5	1.609E+00
617.5	1.707E+00
618.5	1.724E+00
619.5	1.707E+00
620.5	1.734E+00
621.5	1.690E+00
622.5	1.713E+00
623.5	1.666E+00
624.5	1.656E+00
625.5	1.632E+00
626.5	1.697E+00
627.5	1.697E+00
628.5	1.697E+00
629.5	1.677E+00
631	1.639E+00
633	1.651E+00
635	1.656E+00
637	1.654E+00
639	1.651E+00
641	1.614E+00
643	1.621E+00
645	1.627E+00
647	1.603E+00
649	1.558E+00
651	1.606E+00
653	1.599E+00
655	1.532E+00
657	1.384E+00
659	1.549E+00
661	1.571E+00
663	1.555E+00
665	1.560E+00
667	1.535E+00
669	1.546E+00
671	1.516E+00
673	1.521E+00
675	1.510E+00
677	1.508E+00
679	1.498E+00
681	1.492E+00
683	1.479E+00
685	1.455E+00
687	1.467E+00
689	1.461E+00
691	1.448E+00
693	1.448E+00
695	1.436E+00
697	1.416E+00
699	1.425E+00
701	1.386E+00
703	1.388E+00
705	1.415E+00
707	1.400E+00
709	1.384E+00
711	1.385E+00
713	1.373E+00
715	1.366E+00
717	1.354E+00
719	1.328E+00
721	1.331E+00
723	1.348E+00
725	1.350E+00
727	1.346E+00
729	1.319E+00
731	1.326E+00
733	1.318E+00
735	1.309E+00
737	1.307E+00
739	1.278E+00
741	1.258E+00
743	1.286E+00
745	1.279E+00
747	1.283E+00
749	1.270E+00
751	1.262E+00
753	1.259E+00
755	1.255E+00
757	1.248E+00
759	1.240E+00
761	1.237E+00
763	1.241E+00
765	1.221E+00
767	1.185E+00
769	1.203E+00
771	1.204E+00
773	1.208E+00
775	1.188E+00
777	1.196E+00
779	1.187E+00
781	1.187E+00
783	1.176E+00
785	1.180E+00
787	1.177E+00
789	1.174E+00
791	1.158E+00
793	1.143E+00
795	1.134E+00
797	1.152E+00
799	1.135E+00
801	1.142E+00
803	1.129E+00
805	1.115E+00
807	1.120E+00
809	1.095E+00
811	1.114E+00
813	1.115E+00
815	1.107E+00
817	1.104E+00
819	1.063E+00
821	1.080E+00
823	1.073E+00
825	1.075E+00
826	1.080E+00
828	1.081E+00
830	1.063E+00
832	1.051E+00
834	1.041E+00
836	1.052E+00
838	1.044E+00
840	1.040E+00
842	1.036E+00
844	1.024E+00
846	1.028E+00
848	1.023E+00
850	9.660E-01
852	9.961E-01
854	8.780E-01
856	9.755E-01
858	1.005E+00
860	9.969E-01
862	9.949E-01
864	9.993E-01
866	8.862E-01
868	9.395E-01
870	9.747E-01
872	9.833E-01
874	9.713E-01
876	9.640E-01
878	9.749E-01
880	9.554E-01
882	9.511E-01
884	9.579E-01
886	9.383E-01
888	9.443E-01
890	9.530E-01
892	9.394E-01
894	9.332E-01
896	9.387E-01
898	9.339E-01
900	9.158E-01
902	8.916E-01
904	9.285E-01
906	9.176E-01
908	9.025E-01
910	8.916E-01
912	8.967E-01
914	9.071E-01
916	9.004E-01
918	8.951E-01
920	8.908E-01
922	8.630E-01
924	8.585E-01
926	8.612E-01
928	8.769E-01
930	8.677E-01
932	8.651E-01
934	8.641E-01
936	8.547E-01
938	8.580E-01
940	8.438E-01
942	8.250E-01
944	8.324E-01
946	8.375E-01
948	8.407E-01
950	8.369E-01
952	8.317E-01
954	8.080E-01
956	8.082E-01
958	8.188E-01
960	8.151E-01
962	8.089E-01
964	8.013E-01
966	7.947E-01
968	7.969E-01
970	7.959E-01
972	7.936E-01
974	7.815E-01
976	7.825E-01
978	7.779E-01
980	7.746E-01
982	7.764E-01
984	7.698E-01
986	7.661E-01
988	7.615E-01
990	7.541E-01
992	7.567E-01
994	7.556E-01
996	7.525E-01
998	7.510E-01
1000	7.479E-01
1002	7.469E-01
1004	7.261E-01
1006	7.136E-01
1008	7.335E-01
1010	7.313E-01
1012	7.262E-01
1014	7.210E-01
1016	7.139E-01
1018	7.107E-01
1020	7.041E-01
1022	7.021E-01
1024	7.054E-01
1026	7.027E-01
1028	6.989E-01
1030	6.937E-01
1032	6.905E-01
1034	6.817E-01
1036	6.840E-01
1038	6.772E-01
1040	6.761E-01
1042	6.746E-01
1044	6.714E-01
1046	6.600E-01
1048	6.644E-01
1050	6.622E-01
1052	6.586E-01
1054	6.549E-01
1056	6.557E-01
1058	6.451E-01
1060	6.415E-01
1062	6.438E-01
1064	6.459E-01
1066	6.395E-01
1068	6.317E-01
1070	6.241E-01
1072	6.326E-01
1074	6.276E-01
1076	6.280E-01
1078	6.272E-01
1080	6.247E-01
1082	6.099E-01
1084	6.180E-01
1086	6.208E-01
1088	6.103E-01
1090	6.199E-01
1092	6.159E-01
1094	5.849E-01
1096	5.983E-01
1098	5.961E-01
1100	6.042E-01
1102	5.932E-01
1104	5.974E-01
1106	5.945E-01
1108	5.916E-01
1110	5.906E-01
1112	5.843E-01
1114	5.844E-01
1116	5.831E-01
1118	5.815E-01
1120	5.741E-01
1122	5.796E-01
1124	5.769E-01
1126	5.655E-01
1128	5.700E-01
1130	5.653E-01
1132	5.678E-01
1134	5.638E-01
1136	5.658E-01
1138	5.569E-01
1140	5.530E-01
1142	5.531E-01
1144	5.514E-01
1146	5.548E-01
1148	5.525E-01
1150	5.489E-01
1152	5.458E-01
1154	5.479E-01
1156	5.455E-01
1158	5.435E-01
1160	5.320E-01
1162	5.325E-01
1164	5.332E-01
1166	5.303E-01
1168	5.312E-01
1170	5.276E-01
1172	5.315E-01
1174	5.273E-01
1176	5.184E-01
1178	5.190E-01
1180	5.239E-01
1182	5.159E-01
1184	5.103E-01
1186	5.187E-01
1188	5.075E-01
1190	5.085E-01
1192	5.161E-01
1194	5.145E-01
1196	5.084E-01
1198	4.943E-01
1200	5.003E-01
1202	5.068E-01
1204	4.948E-01
1206	5.039E-01
1208	4.890E-01
1210	4.882E-01
1212	4.933E-01
1214	4.942E-01
1216	4.930E-01
1218	4.897E-01
1220	4.875E-01
1222	4.854E-01
1224	4.846E-01
1226	4.817E-01
1228	4.771E-01
1230	4.792E-01
1232	4.750E-01
1234	4.729E-01
1236	4.719E-01
1238	4.703E-01
1240	4.653E-01
1242	4.642E-01
1244	4.619E-01
1246	4.635E-01
1248	4.633E-01
1250	4.624E-01
1252	4.571E-01
1254	4.574E-01
1256	4.551E-01
1258	4.533E-01
1260	4.530E-01
1262	4.497E-01
1264	4.478E-01
1266	4.467E-01
1268	4.417E-01
1270	4.453E-01
1272	4.452E-01
1274	4.431E-01
1276	4.451E-01
1278	4.440E-01
1280	4.356E-01
1282	4.014E-01
1284	4.259E-01
1286	4.328E-01
1288	4.314E-01
1290	4.255E-01
1292	4.254E-01
1294	4.223E-01
1296	4.224E-01
1298	4.184E-01
1300	4.186E-01
1302	4.139E-01
1304	4.111E-01
1306	4.136E-01
1308	4.123E-01
1310	4.106E-01
1312	4.033E-01
1314	4.022E-01
1316	3.979E-01
1318	4.017E-01
1320	4.016E-01
1322	3.986E-01
1324	3.981E-01
1326	3.949E-01
1328	3.908E-01
1330	3.878E-01
1332	3.863E-01
1334	3.892E-01
1336	3.866E-01
1338	3.832E-01
1340	3.790E-01
1342	3.805E-01
1344	3.798E-01
1346	3.772E-01
1348	3.766E-01
1350	3.724E-01
1352	3.742E-01
1354	3.722E-01
1356	3.675E-01
1358	3.688E-01
1360	3.673E-01
1362	3.677E-01
1364	3.657E-01
1366	3.657E-01
1368	3.628E-01
1370	3.599E-01
1372	3.621E-01
1374	3.611E-01
1376	3.561E-01
1378	3.580E-01
1380	3.579E-01
1382	3.545E-01
1384	3.547E-01
1386	3.532E-01
1388	3.530E-01
1390	3.506E-01
1392	3.513E-01
1394	3.488E-01
1396	3.487E-01
1398	3.492E-01
1400	3.427E-01
1402	3.439E-01
1404	3.428E-01
1406	3.431E-01
1408	3.427E-01
1410	3.418E-01
1412	3.348E-01
1414	3.377E-01
1416	3.385E-01
1418	3.386E-01
1420	3.357E-01
1422	3.315E-01
1424	3.311E-01
1426	3.281E-01
1428	3.285E-01
1430	3.257E-01
1432	3.300E-01
1434	3.284E-01
1436	3.285E-01
1438	3.283E-01
1440	3.188E-01
1442	3.186E-01
1444	3.197E-01
1446	3.216E-01
1448	3.216E-01
1450	3.187E-01
1452	3.154E-01
1454	3.143E-01
1456	3.131E-01
1458	3.167E-01
1460	3.156E-01
1462	3.121E-01
1464	3.105E-01
1466	3.108E-01
1468	3.114E-01
1470	3.102E-01
1472	3.073E-01
1474	3.034E-01
1476	3.048E-01
1478	3.044E-01
1480	3.068E-01
1482	3.044E-01
1484	3.039E-01
1486	3.033E-01
1488	2.855E-01
1490	3.015E-01
1492	3.018E-01
1494	3.033E-01
1496	2.972E-01
1498	2.994E-01
1500	3.011E-01
1502	2.924E-01
1504	2.799E-01
1506	2.848E-01
1508	2.919E-01
1510	2.947E-01
1512	2.913E-01
1514	2.883E-01
1516	2.882E-01
1518	2.884E-01
1520	2.866E-01
1522	2.824E-01
1524	2.835E-01
1526	2.846E-01
1528	2.846E-01
1530	2.765E-01
1532	2.823E-01
1534	2.784E-01
1536	2.806E-01
1538	2.773E-01
1540	2.730E-01
1542	2.753E-01
1544	2.778E-01
1546	2.772E-01
1548	2.711E-01
1550	2.713E-01
1552	2.731E-01
1554	2.676E-01
1556	2.671E-01
1558	2.689E-01
1560	2.683E-01
1562	2.697E-01
1564	2.669E-01
1566	2.654E-01
1568	2.633E-01
1570	2.645E-01
1572	2.673E-01
1574	2.610E-01
1576	2.536E-01
1578	2.547E-01
1580	2.650E-01
1582	2.590E-01
1584	2.591E-01
1586	2.599E-01
1588	2.490E-01
1590	2.405E-01
1592	2.526E-01
1594	2.583E-01
1596	2.506E-01
1598	2.545E-01
1600	2.512E-01
1602	2.489E-01
1604	2.497E-01
1606	2.477E-01
1608	2.491E-01
1610	2.400E-01
1612	2.430E-01
1614	2.449E-01
1616	2.374E-01
1618	2.423E-01
1620	2.369E-01
1622	2.383E-01
1624	2.416E-01
1626	2.402E-01
1628	2.418E-01
1630	2.393E-01
1632	2.387E-01
1634	2.359E-01
1636	2.357E-01
1638	2.274E-01
1640	2.262E-01
1642	2.266E-01
1644	2.278E-01
1646	2.294E-01
1648	2.292E-01
1650	2.272E-01
1652	2.268E-01
1654	2.262E-01
1656	2.260E-01
1658	2.252E-01
1660	2.245E-01
1662	2.246E-01
1664	2.227E-01
1666	2.212E-01
1668	2.193E-01
1670	2.225E-01
1672	2.173E-01
1674	2.193E-01
1676	2.161E-01
1678	2.168E-01
1680	2.080E-01
1682	2.054E-01
1684	2.129E-01
1686	2.131E-01
1688	2.120E-01
1690	2.105E-01
1692	2.123E-01
1694	2.112E-01
1696	2.100E-01
1698	2.089E-01
1700	2.063E-01
1702	2.047E-01
1704	2.052E-01
1706	2.050E-01
1708	2.017E-01
1710	2.013E-01
1712	1.982E-01
1714	2.037E-01
1716	2.022E-01
1718	2.010E-01
1720	1.993E-01
1722	1.975E-01
1724	1.954E-01
1726	1.982E-01
1728	1.971E-01
1730	1.984E-01
1732	1.936E-01
1734	1.874E-01
1736	1.827E-01
1738	1.863E-01
1740	1.905E-01
1742	1.902E-01
1744	1.907E-01
1746	1.867E-01
1748	1.872E-01
1750	1.858E-01
1752	1.850E-01
1754	1.856E-01
1756	1.849E-01
1758	1.843E-01
1760	1.831E-01
1762	1.793E-01
1764	1.807E-01
1766	1.817E-01
1768	1.802E-01
1770	1.791E-01
1772	1.794E-01
1774	1.792E-01
1776	1.763E-01
1778	1.747E-01
1780	1.756E-01
1782	1.747E-01
1784	1.735E-01
1786	1.739E-01
1788	1.747E-01
1790	1.733E-01
1792	1.721E-01
1794	1.709E-01
1796	1.706E-01
1798	1.703E-01
1800	1.699E-01
1802	1.672E-01
1804	1.688E-01
1806	1.688E-01
1808	1.685E-01
1810	1.686E-01
1812	1.675E-01
1814	1.658E-01
1816	1.605E-01
1818	1.520E-01
1820	1.596E-01
1822	1.598E-01
1824	1.624E-01
1826	1.628E-01
1828	1.611E-01
1830	1.606E-01
1832	1.593E-01
1834	1.585E-01
1836	1.581E-01
1838	1.562E-01
1840	1.562E-01
1842	1.540E-01
1844	1.541E-01
1846	1.535E-01
1848	1.510E-01
1850	1.546E-01
1852	1.534E-01
1854	1.525E-01
1856	1.509E-01
1858	1.525E-01
1860	1.503E-01
1862	1.504E-01
1864	1.509E-01
1866	1.494E-01
1868	1.492E-01
1870	1.508E-01
1872	1.473E-01
1874	1.401E-01
1876	1.299E-01
1878	1.441E-01
1880	1.462E-01
1882	1.474E-01
1884	1.464E-01
1886	1.439E-01
1888	1.453E-01
1890	1.424E-01
1892	1.408E-01
1894	1.396E-01
1896	1.373E-01
1898	1.390E-01
1900	1.397E-01
1902	1.409E-01
1904	1.386E-01
1906	1.390E-01
1908	1.377E-01
1910	1.378E-01
1912	1.354E-01
1914	1.370E-01
1916	1.360E-01
1918	1.353E-01
1920	1.333E-01
1922	1.350E-01
1924	1.341E-01
1926	1.344E-01
1928	1.322E-01
1930	1.313E-01
1932	1.308E-01
1934	1.320E-01
1936	1.328E-01
1938	1.321E-01
1940	1.299E-01
1942	1.294E-01
1944	1.203E-01
1946	1.192E-01
1948	1.271E-01
1950	1.261E-01
1952	1.255E-01
1954	1.286E-01
1956	1.276E-01
1958	1.271E-01
1960	1.261E-01
1962	1.240E-01
1964	1.222E-01
1966	1.231E-01
1968	1.240E-01
1970	1.239E-01
1972	1.213E-01
1974	1.208E-01
1976	1.224E-01
1978	1.194E-01
1980	1.196E-01
1982	1.205E-01
1984	1.197E-01
1986	1.178E-01
1988	1.195E-01
1990	1.198E-01
1992	1.180E-01
1994	1.162E-01
1996	1.173E-01
1998	1.159E-01
2000	1.170E-01
