0.0 2.5250892287347204
0.5 1.5135813055065508
1.0 1.0993204741561287
1.5 0.9060355411923996
2.0 0.8001215752271561
2.5 0.7317484041584679
3.0 0.6815369808780527
3.5 0.641683161230399
4.0 0.6083404168538096
4.5 0.5795669426632984
5.0 0.5545459878918869
5.5 0.5322605014950887
6.0 0.512209617334073
6.5 0.4941410386613295
7.0 0.47770428273221593
7.5 0.4625760665787779
8.0 0.4485680633869307
8.5 0.435558208338618
9.0 0.4235037553791167
9.5 0.4121757297555807
10.0 0.40148785803922343
10.5 0.3913677951135854
11.0 0.38175452852733344
11.5 0.37269310690253854
12.0 0.36405250298202574
12.5 0.3557804585254066
13.0 0.34784477078919795
13.5 0.3402175382165596
14.0 0.3328744597331073
14.5 0.3258535313173197
15.0 0.31910188895516534
15.5 0.31257504460779656
16.0 0.30625847116615673
16.5 0.30013919846473
17.0 0.29420559280886754
17.5 0.2884471724875291
18.0 0.2829102734242428
18.5 0.27754258192313025
19.0 0.27232224602448646
19.5 0.2672421566192702
20.0 0.2622957803726218
20.5 0.25747709257746243
21.0 0.25278051962408665
21.5 0.24822142058286004
22.0 0.24381047101088393
22.5 0.23950579784721224
23.0 0.2353032532953461
23.5 0.23119894826749618
24.0 0.227189228253564
24.5 0.22327065214827527
25.0 0.21943997361096718
25.5 0.21571515876431718
26.0 0.21209820832575071
26.5 0.20855941445022552
27.0 0.20509619620263675
27.5 0.2017060997897741
28.0 0.19838678937888857
28.5 0.1951360388298006
29.0 0.19195172422737328
29.5 0.18883645155371795
30.0 0.18581871979448536
30.5 0.1828608137893729
31.0 0.17996097980248968
31.5 0.1771175370652218
32.0 0.17432887353621995
32.5 0.17159344200050627
33.0 0.16890975647247838
33.5 0.1662763888719757
34.0 0.16370661497796438
34.5 0.16120319438751537
35.0 0.15874551534008802
35.5 0.1563323688371593
36.0 0.15396258983353117
36.5 0.15163505511132974
37.0 0.14934868129063805
37.5 0.14710242296526874
38.0 0.14489527095338972
38.5 0.14273899440965657
39.0 0.14063558865729606
39.5 0.13856797932523227
40.0 0.1365352983584884
40.5 0.13453670622412467
41.0 0.1325713907023992
41.5 0.1306385657433921
42.0 0.12873747038455519
42.5 0.12686736772504295
43.0 0.12503234459699208
43.5 0.1232465707223638
44.0 0.1214893229636928
44.5 0.11975996020217794
45.0 0.11805786071623985
45.5 0.11638242143723256
46.0 0.11473305724059164
46.5 0.11310920027032016
47.0 0.11151029929486912
47.5 0.10993581909260901
48.0 0.10840091162588436
48.5 0.1068946487557304
49.0 0.10541097754456256
49.5 0.10394942773210944
50.0 0.10250954220194518
